   0.0000 0.0000e+00
   1.0101 1.3064e+07
   2.0202 1.9496e+07
   3.0303 1.9414e+07
   4.0404 1.6168e+07
   5.0505 1.2277e+07
   6.0606 8.9084e+06
   7.0707 6.3504e+06
   8.0808 4.5172e+06
   9.0909 3.2334e+06
  10.1010 2.3386e+06
  11.1111 1.7122e+06
  12.1212 1.2688e+06
  13.1313 9.5259e+05
  14.1414 7.2331e+05
  15.1515 5.5494e+05
  16.1616 4.3068e+05
  17.1717 3.3746e+05
  18.1818 2.6658e+05
  19.1919 2.1246e+05
  20.2020 1.7069e+05
  21.2121 1.3812e+05
  22.2222 1.1248e+05
  23.2323 9.2204e+04
  24.2424 7.6047e+04
  25.2525 6.3076e+04
  26.2626 5.2589e+04
  27.2727 4.4058e+04
  28.2828 3.7089e+04
  29.2929 3.1365e+04
  30.3030 2.6638e+04
  31.3131 2.2714e+04
  32.3232 1.9441e+04
  33.3333 1.6700e+04
  34.3434 1.4396e+04
  35.3535 1.2451e+04
  36.3636 1.0804e+04
  37.3737 9.4025e+03
  38.3838 8.2069e+03
  39.3939 7.1830e+03
  40.4040 6.3035e+03
  41.4141 5.5459e+03
  42.4242 4.8916e+03
  43.4343 4.3247e+03
  44.4444 3.8322e+03
  45.4545 3.4032e+03
  46.4646 3.0287e+03
  47.4747 2.7007e+03
  48.4848 2.4130e+03
  49.4949 2.1601e+03
  50.5051 1.9371e+03
  51.5152 1.7403e+03
  52.5253 1.5661e+03
  53.5354 1.4117e+03
  54.5455 1.2746e+03
  55.5556 1.1525e+03
  56.5657 1.0437e+03
  57.5758 9.4653e+02
  58.5859 8.5963e+02
  59.5960 7.8178e+02
  60.6061 7.1194e+02
  61.6162 6.4919e+02
  62.6263 5.9271e+02
  63.6364 5.4178e+02
  64.6465 4.9581e+02
  65.6566 4.5424e+02
  66.6667 4.1662e+02
  67.6768 3.8252e+02
  68.6869 3.5158e+02
  69.6970 3.2348e+02
  70.7071 2.9793e+02
  71.7172 2.7466e+02
  72.7273 2.5346e+02
  73.7374 2.3412e+02
  74.7475 2.1647e+02
  75.7576 2.0033e+02
  76.7677 1.8555e+02
  77.7778 1.7200e+02
  78.7879 1.5956e+02
  79.7980 1.4814e+02
  80.8081 1.3764e+02
  81.8182 1.2797e+02
  82.8283 1.1908e+02
  83.8384 1.1088e+02
  84.8485 1.0331e+02
  85.8586 9.6335e+01
  86.8687 8.9889e+01
  87.8788 8.3931e+01
  88.8889 7.8421e+01
  89.8990 7.3322e+01
  90.9091 6.8601e+01
  91.9192 6.4226e+01
  92.9293 6.0169e+01
  93.9394 5.6403e+01
  94.9495 5.2901e+01
  95.9596 4.9643e+01
  96.9697 4.6610e+01
  97.9798 4.3785e+01
  98.9899 4.1152e+01
 100.0000 3.8697e+01
