   1.0000 3.1830e+07
   1.0505 3.2120e+07
   1.1010 3.2390e+07
   1.1515 3.2660e+07
   1.2020 3.2910e+07
   1.2525 3.3160e+07
   1.3030 3.3390e+07
   1.3535 3.3600e+07
   1.4040 3.3790e+07
   1.4545 3.3970e+07
   1.5051 3.4130e+07
   1.5556 3.4270e+07
   1.6061 3.4400e+07
   1.6566 3.4500e+07
   1.7071 3.4650e+07
   1.7576 3.4700e+07
   1.8081 3.4720e+07
   1.8586 3.4680e+07
   1.9091 3.4670e+07
   1.9596 3.4650e+07
   2.0101 3.4600e+07
   2.0606 3.4530e+07
   2.1111 3.4430e+07
   2.1616 3.4320e+07
   2.2121 3.4190e+07
   2.2626 3.4040e+07
   2.3131 3.3860e+07
   2.3636 3.3670e+07
   2.4141 3.3460e+07
   2.4646 3.3240e+07
   2.5152 3.2990e+07
   2.5657 3.2730e+07
   2.6162 3.2450e+07
   2.6667 3.2160e+07
   2.7172 3.1850e+07
   2.7677 3.1530e+07
   2.8182 3.1190e+07
   2.8687 3.0840e+07
   2.9192 3.0480e+07
   2.9697 3.0100e+07
   3.0202 2.9720e+07
   3.0707 2.9320e+07
   3.1212 2.8910e+07
   3.1717 2.8490e+07
   3.2222 2.8060e+07
   3.2727 2.7620e+07
   3.3232 2.7170e+07
   3.3737 2.6720e+07
   3.4242 2.6260e+07
   3.4747 2.5790e+07
   3.5253 2.5310e+07
   3.5758 2.4830e+07
   3.6263 2.4350e+07
   3.6768 2.3860e+07
   3.7273 2.3360e+07
   3.7778 2.2870e+07
   3.8283 2.2370e+07
   3.8788 2.1860e+07
   3.9293 2.1360e+07
   3.9798 2.0850e+07
   4.0303 2.0340e+07
   4.0808 1.9830e+07
   4.1313 1.9330e+07
   4.1818 1.8820e+07
   4.2323 1.8310e+07
   4.2828 1.7800e+07
   4.3333 1.7300e+07
   4.3838 1.6800e+07
   4.4343 1.6300e+07
   4.4848 1.5810e+07
   4.5354 1.5320e+07
   4.5859 1.4830e+07
   4.6364 1.4350e+07
   4.6869 1.3870e+07
   4.7374 1.3400e+07
   4.7879 1.2930e+07
   4.8384 1.2470e+07
   4.8889 1.2010e+07
   4.9394 1.1570e+07
   4.9899 1.1130e+07
   5.0404 1.0690e+07
   5.0909 1.0270e+07
   5.1414 9.8530e+06
   5.1919 9.4460e+06
   5.2424 9.0470e+06
   5.2929 8.6570e+06
   5.3434 8.4160e+06
   5.3939 8.0410e+06
   5.4444 7.6760e+06
   5.4949 7.3200e+06
   5.5455 6.9740e+06
   5.5960 6.6380e+06
   5.6465 6.3130e+06
   5.6970 5.9220e+06
   5.7475 5.6190e+06
   5.7980 5.3260e+06
   5.8485 5.0430e+06
   5.8990 4.7710e+06
   5.9495 4.5080e+06
   6.0000 4.2560e+06
