0.3 0.337264386972 13806.0712891
0.337264386972 0.37549669625 14743.9121094
0.37549669625 0.414748554299 16934.2480469
0.414748554299 0.455075831456 15078.3183594
0.455075831456 0.496539120209 14610.3496094
0.496539120209 0.53920428282 13808.8554688
0.53920428282 0.583143080703 14300.2353516
0.583143080703 0.628433900662 12583.6660156
0.628433900662 0.675162596446 12796.9091797
0.675162596446 0.72342346832 11925.0390625
0.72342346832 0.773320408723 12328.0419922
0.773320408723 0.824968249017 11429.7646484
0.824968249017 0.878494351211 11771.8935547
0.878494351211 0.934040500166 10456.4619141
0.934040500166 0.991765167029 9411.65234375
0.991765167029 1.05184623487 10152.9863281
1.05184623487 1.11448430465 8971.69726562
1.11448430465 1.17990673635 9164.84667969
1.17990673635 1.24837263066 8809.97167969
1.24837263066 1.32017902684 7902.68457031
1.32017902684 1.39566869131 7519.40527344
1.39566869131 1.47524001355 7567.97607422
1.47524001355 1.55935973292 6589.78515625
1.55935973292 1.64857952745 6302.28466797
1.64857952745 1.74355796227 6354.76806641
1.74355796227 1.84509002002 5993.02001953
1.84509002002 1.95414759126 5512.70849609
1.95414759126 2.07193619997 5204.47021484
2.07193619997 2.19997646239 4502.97363281
2.19997646239 2.34022446712 4170.73144531
2.34022446712 2.49525577287 3771.28076172
2.49525577287 2.6685581881 3314.94458008
2.6685581881 2.86502098649 3143.01464844
2.86502098649 3.09180358141 2590.80175781
3.09180358141 3.36000284338 2219.14013672
3.36000284338 3.68820308685 1816.56237793
3.68820308685 4.11122609838 1346.61218262
4.11122609838 4.70718114264 1010.98687744
4.70718114264 5.724828229 550.801696777
5.724828229 14.0 67.7032470703
