0.3 0.337264386972 402.585998535
0.337264386972 0.37549669625 498.374176025
0.37549669625 0.414748554299 33.1914901733
0.414748554299 0.455075831456 177.754455566
0.455075831456 0.496539120209 68.8581542969
0.496539120209 0.53920428282 43.9108848572
0.53920428282 0.583143080703 134.222579956
0.583143080703 0.628433900662 79.6966094971
0.628433900662 0.675162596446 93.2372512817
0.675162596446 0.72342346832 1.56063340029e-09
0.72342346832 0.773320408723 31.2466220856
0.773320408723 0.824968249017 213.220657349
0.824968249017 0.878494351211 2.15556979179
0.878494351211 0.934040500166 206.113571167
0.934040500166 0.991765167029 196.485748291
0.991765167029 1.05184623487 92.5462188721
1.05184623487 1.11448430465 92.1725463867
1.11448430465 1.17990673635 106.723945618
1.17990673635 1.24837263066 105.103233337
1.24837263066 1.32017902684 132.06854248
1.32017902684 1.39566869131 105.325675964
1.39566869131 1.47524001355 224.102752686
1.47524001355 1.55935973292 156.7527771
1.55935973292 1.64857952745 154.443267822
1.64857952745 1.74355796227 109.078552246
1.74355796227 1.84509002002 183.410583496
1.84509002002 1.95414759126 208.030273438
1.95414759126 2.07193619997 107.628044128
2.07193619997 2.19997646239 90.6654815674
2.19997646239 2.34022446712 75.0699386597
2.34022446712 2.49525577287 62.728603363
2.49525577287 2.6685581881 99.9831924438
2.6685581881 2.86502098649 60.9045715332
2.86502098649 3.09180358141 30.2653770447
3.09180358141 3.36000284338 36.4477233887
3.36000284338 3.68820308685 17.9593315125
3.68820308685 4.11122609838 16.4951400757
4.11122609838 4.70718114264 16.2759895325
4.70718114264 5.724828229 2.570271492
5.724828229 14.0 0.435490876436
