0.3 0.337264386972 1448.98413086
0.337264386972 0.37549669625 1073.50634766
0.37549669625 0.414748554299 1770.89099121
0.414748554299 0.455075831456 1221.49255371
0.455075831456 0.496539120209 1896.96704102
0.496539120209 0.53920428282 1817.85327148
0.53920428282 0.583143080703 1811.91552734
0.583143080703 0.628433900662 1985.44689941
0.628433900662 0.675162596446 1742.14575195
0.675162596446 0.72342346832 2360.07641602
0.72342346832 0.773320408723 1947.09533691
0.773320408723 0.824968249017 2171.2578125
0.824968249017 0.878494351211 1827.77709961
0.878494351211 0.934040500166 2053.21875
0.934040500166 0.991765167029 2033.75683594
0.991765167029 1.05184623487 1917.97314453
1.05184623487 1.11448430465 2091.4375
1.11448430465 1.17990673635 1725.00244141
1.17990673635 1.24837263066 1665.62011719
1.24837263066 1.32017902684 1955.85314941
1.32017902684 1.39566869131 1801.7277832
1.39566869131 1.47524001355 1213.66064453
1.47524001355 1.55935973292 1379.54260254
1.55935973292 1.64857952745 1333.66210938
1.64857952745 1.74355796227 1330.46826172
1.74355796227 1.84509002002 1106.9552002
1.84509002002 1.95414759126 1237.48120117
1.95414759126 2.07193619997 1041.83325195
2.07193619997 2.19997646239 1092.72766113
2.19997646239 2.34022446712 955.583984375
2.34022446712 2.49525577287 737.291687012
2.49525577287 2.6685581881 706.268676758
2.6685581881 2.86502098649 679.111999512
2.86502098649 3.09180358141 582.979614258
3.09180358141 3.36000284338 578.222412109
3.36000284338 3.68820308685 410.072662354
3.68820308685 4.11122609838 323.533630371
4.11122609838 4.70718114264 209.131332397
4.70718114264 5.724828229 123.407455444
5.724828229 14.0 16.6610794067
