0.3 0.337264386972 920.749511719
0.337264386972 0.37549669625 589.881958008
0.37549669625 0.414748554299 497.493835449
0.414748554299 0.455075831456 107.85092926
0.455075831456 0.496539120209 351.003540039
0.496539120209 0.53920428282 341.932769775
0.53920428282 0.583143080703 276.939453125
0.583143080703 0.628433900662 287.286834717
0.628433900662 0.675162596446 80.7417068481
0.675162596446 0.72342346832 277.499511719
0.72342346832 0.773320408723 231.920425415
0.773320408723 0.824968249017 222.936737061
0.824968249017 0.878494351211 110.209510803
0.878494351211 0.934040500166 167.972412109
0.934040500166 0.991765167029 63.8249130249
0.991765167029 1.05184623487 142.179321289
1.05184623487 1.11448430465 195.971588135
1.11448430465 1.17990673635 141.412567139
1.17990673635 1.24837263066 223.331695557
1.24837263066 1.32017902684 248.397872925
1.32017902684 1.39566869131 336.686065674
1.39566869131 1.47524001355 126.756317139
1.47524001355 1.55935973292 146.474273682
1.55935973292 1.64857952745 138.500442505
1.64857952745 1.74355796227 167.438674927
1.74355796227 1.84509002002 81.5966720581
1.84509002002 1.95414759126 71.9469146729
1.95414759126 2.07193619997 91.3266296387
2.07193619997 2.19997646239 157.331695557
2.19997646239 2.34022446712 76.3478546143
2.34022446712 2.49525577287 86.9766387939
2.49525577287 2.6685581881 71.1470718384
2.6685581881 2.86502098649 73.1689071655
2.86502098649 3.09180358141 42.5040779114
3.09180358141 3.36000284338 83.4474639893
3.36000284338 3.68820308685 28.0785236359
3.68820308685 4.11122609838 27.0348167419
4.11122609838 4.70718114264 23.2817420959
4.70718114264 5.724828229 18.0510730743
5.724828229 14.0 2.68448209763
