0.3 0.337264386972 7924.32373047
0.337264386972 0.37549669625 6541.45410156
0.37549669625 0.414748554299 7664.90039062
0.414748554299 0.455075831456 7552.18945312
0.455075831456 0.496539120209 7605.9453125
0.496539120209 0.53920428282 7019.56103516
0.53920428282 0.583143080703 6269.18652344
0.583143080703 0.628433900662 7167.85400391
0.628433900662 0.675162596446 6224.57275391
0.675162596446 0.72342346832 7006.94287109
0.72342346832 0.773320408723 6506.81494141
0.773320408723 0.824968249017 5892.04443359
0.824968249017 0.878494351211 6074.38525391
0.878494351211 0.934040500166 5807.49462891
0.934040500166 0.991765167029 5251.58544922
0.991765167029 1.05184623487 4862.43701172
1.05184623487 1.11448430465 4534.88183594
1.11448430465 1.17990673635 4862.00830078
1.17990673635 1.24837263066 4810.58691406
1.24837263066 1.32017902684 4031.42431641
1.32017902684 1.39566869131 4570.75585938
1.39566869131 1.47524001355 3745.79785156
1.47524001355 1.55935973292 3541.99560547
1.55935973292 1.64857952745 3555.68994141
1.64857952745 1.74355796227 3099.30957031
1.74355796227 1.84509002002 2709.29272461
1.84509002002 1.95414759126 2630.31323242
1.95414759126 2.07193619997 2736.69873047
2.07193619997 2.19997646239 2483.3840332
2.19997646239 2.34022446712 2351.67333984
2.34022446712 2.49525577287 2139.19848633
2.49525577287 2.6685581881 1811.9050293
2.6685581881 2.86502098649 1351.55688477
2.86502098649 3.09180358141 1360.03869629
3.09180358141 3.36000284338 1118.46472168
3.36000284338 3.68820308685 881.416931152
3.68820308685 4.11122609838 714.979736328
4.11122609838 4.70718114264 527.367919922
4.70718114264 5.724828229 298.863830566
5.724828229 14.0 35.8153457642
