0.3 0.337264386972 14728.7324219
0.337264386972 0.37549669625 15370.9882812
0.37549669625 0.414748554299 17412.7402344
0.414748554299 0.455075831456 15155.7705078
0.455075831456 0.496539120209 14961.0664062
0.496539120209 0.53920428282 14162.5927734
0.53920428282 0.583143080703 14583.2792969
0.583143080703 0.628433900662 12871.2978516
0.628433900662 0.675162596446 12836.4335938
0.675162596446 0.72342346832 12196.9423828
0.72342346832 0.773320408723 12569.9365234
0.773320408723 0.824968249017 11665.6943359
0.824968249017 0.878494351211 11880.3505859
0.878494351211 0.934040500166 10622.5234375
0.934040500166 0.991765167029 9466.0234375
0.991765167029 1.05184623487 10280.3310547
1.05184623487 1.11448430465 9165.66113281
1.11448430465 1.17990673635 9316.484375
1.17990673635 1.24837263066 9031.0
1.24837263066 1.32017902684 8141.25537109
1.32017902684 1.39566869131 7849.77832031
1.39566869131 1.47524001355 7711.11914062
1.47524001355 1.55935973292 6733.25976562
1.55935973292 1.64857952745 6426.99707031
1.64857952745 1.74355796227 6547.84960938
1.74355796227 1.84509002002 6071.55371094
1.84509002002 1.95414759126 5583.4453125
1.95414759126 2.07193619997 5312.49560547
2.07193619997 2.19997646239 4651.99902344
2.19997646239 2.34022446712 4240.33935547
2.34022446712 2.49525577287 3845.41967773
2.49525577287 2.6685581881 3386.14086914
2.6685581881 2.86502098649 3218.9909668
2.86502098649 3.09180358141 2638.50170898
3.09180358141 3.36000284338 2298.09667969
3.36000284338 3.68820308685 1840.05603027
3.68820308685 4.11122609838 1370.51647949
4.11122609838 4.70718114264 1038.08813477
4.70718114264 5.724828229 570.705505371
5.724828229 14.0 71.0404052734
