0.3 0.337264386972 8373.8046875
0.337264386972 0.37549669625 6960.80322266
0.37549669625 0.414748554299 7721.13720703
0.414748554299 0.455075831456 7738.80517578
0.455075831456 0.496539120209 7716.05908203
0.496539120209 0.53920428282 7095.33154297
0.53920428282 0.583143080703 6424.06201172
0.583143080703 0.628433900662 7219.10742188
0.628433900662 0.675162596446 6370.24707031
0.675162596446 0.72342346832 7061.44482422
0.72342346832 0.773320408723 6597.87304688
0.773320408723 0.824968249017 6060.42382812
0.824968249017 0.878494351211 6130.92480469
0.878494351211 0.934040500166 5966.25488281
0.934040500166 0.991765167029 5466.68408203
0.991765167029 1.05184623487 4930.76220703
1.05184623487 1.11448430465 4684.68896484
1.11448430465 1.17990673635 5100.67431641
1.17990673635 1.24837263066 5023.74902344
1.24837263066 1.32017902684 4187.22705078
1.32017902684 1.39566869131 4710.29052734
1.39566869131 1.47524001355 3924.6875
1.47524001355 1.55935973292 3756.74243164
1.55935973292 1.64857952745 3767.21508789
1.64857952745 1.74355796227 3238.12768555
1.74355796227 1.84509002002 2881.78076172
1.84509002002 1.95414759126 2804.54345703
1.95414759126 2.07193619997 2832.99291992
2.07193619997 2.19997646239 2611.84228516
2.19997646239 2.34022446712 2429.33496094
2.34022446712 2.49525577287 2218.6340332
2.49525577287 2.6685581881 1916.50244141
2.6685581881 2.86502098649 1415.04675293
2.86502098649 3.09180358141 1410.69848633
3.09180358141 3.36000284338 1179.27026367
3.36000284338 3.68820308685 909.779174805
3.68820308685 4.11122609838 741.497558594
4.11122609838 4.70718114264 553.299133301
4.70718114264 5.724828229 306.35559082
5.724828229 14.0 36.0954551697
