0.3 0.337264386972 2950.24072266
0.337264386972 0.37549669625 3539.26342773
0.37549669625 0.414748554299 4191.02783203
0.414748554299 0.455075831456 4376.75830078
0.455075831456 0.496539120209 3943.72119141
0.496539120209 0.53920428282 5209.72119141
0.53920428282 0.583143080703 5282.43945312
0.583143080703 0.628433900662 5667.32910156
0.628433900662 0.675162596446 5215.88623047
0.675162596446 0.72342346832 5467.75976562
0.72342346832 0.773320408723 5303.15283203
0.773320408723 0.824968249017 6435.32226562
0.824968249017 0.878494351211 5689.63085938
0.878494351211 0.934040500166 4988.52148438
0.934040500166 0.991765167029 5851.60302734
0.991765167029 1.05184623487 4865.93798828
1.05184623487 1.11448430465 4546.20214844
1.11448430465 1.17990673635 4810.77392578
1.17990673635 1.24837263066 5010.45507812
1.24837263066 1.32017902684 4206.39697266
1.32017902684 1.39566869131 4189.34765625
1.39566869131 1.47524001355 3695.3828125
1.47524001355 1.55935973292 3872.58642578
1.55935973292 1.64857952745 3941.05834961
1.64857952745 1.74355796227 3551.2878418
1.74355796227 1.84509002002 3360.43701172
1.84509002002 1.95414759126 2899.94995117
1.95414759126 2.07193619997 2743.01977539
2.07193619997 2.19997646239 2667.16503906
2.19997646239 2.34022446712 2516.9152832
2.34022446712 2.49525577287 2420.52441406
2.49525577287 2.6685581881 1950.91760254
2.6685581881 2.86502098649 1994.56311035
2.86502098649 3.09180358141 1750.53381348
3.09180358141 3.36000284338 1552.86364746
3.36000284338 3.68820308685 1110.66271973
3.68820308685 4.11122609838 830.53918457
4.11122609838 4.70718114264 604.584960938
4.70718114264 5.724828229 391.344238281
5.724828229 14.0 48.7403678894
