0.3 0.337264386972 7789.32275391
0.337264386972 0.37549669625 6543.74951172
0.37549669625 0.414748554299 7589.75878906
0.414748554299 0.455075831456 6646.38085938
0.455075831456 0.496539120209 7706.40283203
0.496539120209 0.53920428282 5913.54638672
0.53920428282 0.583143080703 6112.12011719
0.583143080703 0.628433900662 7255.10791016
0.628433900662 0.675162596446 6175.99707031
0.675162596446 0.72342346832 6215.69775391
0.72342346832 0.773320408723 5840.98925781
0.773320408723 0.824968249017 5353.96044922
0.824968249017 0.878494351211 5870.33349609
0.878494351211 0.934040500166 5844.57373047
0.934040500166 0.991765167029 5219.06542969
0.991765167029 1.05184623487 4614.54443359
1.05184623487 1.11448430465 4686.26318359
1.11448430465 1.17990673635 4880.29296875
1.17990673635 1.24837263066 3965.44042969
1.24837263066 1.32017902684 3700.03808594
1.32017902684 1.39566869131 4388.65820312
1.39566869131 1.47524001355 3582.1550293
1.47524001355 1.55935973292 3656.03808594
1.55935973292 1.64857952745 3533.14526367
1.64857952745 1.74355796227 2907.95556641
1.74355796227 1.84509002002 2694.27026367
1.84509002002 1.95414759126 2707.00805664
1.95414759126 2.07193619997 2737.12597656
2.07193619997 2.19997646239 2335.03320312
2.19997646239 2.34022446712 2236.37084961
2.34022446712 2.49525577287 2155.72314453
2.49525577287 2.6685581881 1978.24914551
2.6685581881 2.86502098649 1386.39172363
2.86502098649 3.09180358141 1293.99060059
3.09180358141 3.36000284338 1204.58288574
3.36000284338 3.68820308685 916.106567383
3.68820308685 4.11122609838 633.83001709
4.11122609838 4.70718114264 536.145446777
4.70718114264 5.724828229 302.075683594
5.724828229 14.0 39.1462669373
