0.3 0.337264386972 436.649261475
0.337264386972 0.37549669625 391.106994629
0.37549669625 0.414748554299 12.4904470444
0.414748554299 0.455075831456 179.954925537
0.455075831456 0.496539120209 116.417755127
0.496539120209 0.53920428282 75.5141067505
0.53920428282 0.583143080703 154.799407959
0.583143080703 0.628433900662 32.2356452942
0.628433900662 0.675162596446 145.045776367
0.675162596446 0.72342346832 25.8742351532
0.72342346832 0.773320408723 92.6979522705
0.773320408723 0.824968249017 149.117752075
0.824968249017 0.878494351211 75.5290679932
0.878494351211 0.934040500166 175.69543457
0.934040500166 0.991765167029 215.843231201
0.991765167029 1.05184623487 71.091255188
1.05184623487 1.11448430465 155.525299072
1.11448430465 1.17990673635 227.96812439
1.17990673635 1.24837263066 219.23500061
1.24837263066 1.32017902684 158.701248169
1.32017902684 1.39566869131 148.809906006
1.39566869131 1.47524001355 187.105026245
1.47524001355 1.55935973292 209.30897522
1.55935973292 1.64857952745 220.353744507
1.64857952745 1.74355796227 154.845687866
1.74355796227 1.84509002002 171.422897339
1.84509002002 1.95414759126 180.928222656
1.95414759126 2.07193619997 104.746612549
2.07193619997 2.19997646239 125.504745483
2.19997646239 2.34022446712 82.0420837402
2.34022446712 2.49525577287 78.5454330444
2.49525577287 2.6685581881 103.256950378
2.6685581881 2.86502098649 66.9721374512
2.86502098649 3.09180358141 46.7689247131
3.09180358141 3.36000284338 64.1425170898
3.36000284338 3.68820308685 31.3270130157
3.68820308685 4.11122609838 28.1196479797
4.11122609838 4.70718114264 27.9514560699
4.70718114264 5.724828229 7.21710205078
5.724828229 14.0 0.510172724724
